900 900 4

id: 0 w: 900 h: 900 start: 0 end: 101250
id: 4 w: 900 h: 900 start: 405000 end: 506250
id: 2 w: 900 h: 900 start: 202500 end: 303750
id: 1 w: 900 h: 900 start: 101250 end: 202500
id: 3 w: 900 h: 900 start: 303750 end: 405000
id: 5 w: 900 h: 900 start: 506250 end: 607500
id: 6 w: 900 h: 900 start: 607500 end: 708750
id: 7 w: 900 h: 900 start: 708750 end: 810000
Czasy:
Histogram MAX: 0.002170
Median MAX: 0.009835
Sobel MAX: 0.009631
Czasy:
Histogram AVG: 0.000952
Median AVG: 0.008507
Sobel AVG: 0.008674
Czasy:
Histogram MASTER: 0.002170
Median MASTER: 0.009484
Sobel MASTER: 0.008612
900 900 4

id: 0 w: 900 h: 900 start: 0 end: 101250
id: 4 w: 900 h: 900 start: 405000 end: 506250
id: 2 w: 900 h: 900 start: 202500 end: 303750
id: 1 w: 900 h: 900 start: 101250 end: 202500
id: 3 w: 900 h: 900 start: 303750 end: 405000
id: 5 w: 900 h: 900 start: 506250 end: 607500
id: 6 w: 900 h: 900 start: 607500 end: 708750
id: 7 w: 900 h: 900 start: 708750 end: 810000
Czasy:
Histogram MAX: 0.001662
Median MAX: 0.022865
Sobel MAX: 0.010989
Czasy:
Histogram AVG: 0.000892
Median AVG: 0.012722
Sobel AVG: 0.008171
Czasy:
Histogram MASTER: 0.001416
Median MASTER: 0.022865
Sobel MASTER: 0.007101
900 900 4

id: 0 w: 900 h: 900 start: 0 end: 101250
id: 4 w: 900 h: 900 start: 405000 end: 506250
id: 2 w: 900 h: 900 start: 202500 end: 303750
id: 1 w: 900 h: 900 start: 101250 end: 202500
id: 6 w: 900 h: 900 start: 607500 end: 708750
id: 3 w: 900 h: 900 start: 303750 end: 405000
id: 5 w: 900 h: 900 start: 506250 end: 607500
id: 7 w: 900 h: 900 start: 708750 end: 810000
Czasy:
Histogram MAX: 0.003324
Median MAX: 0.230230
Sobel MAX: 0.008447
Czasy:
Histogram AVG: 0.001105
Median AVG: 0.068630
Sobel AVG: 0.007341
Czasy:
Histogram MASTER: 0.001595
Median MASTER: 0.230200
Sobel MASTER: 0.006620
900 900 4

id: 0 w: 900 h: 900 start: 0 end: 101250
id: 2 w: 900 h: 900 start: 202500 end: 303750
id: 4 w: 900 h: 900 start: 405000 end: 506250
id: 1 w: 900 h: 900 start: 101250 end: 202500
id: 6 w: 900 h: 900 start: 607500 end: 708750
id: 3 w: 900 h: 900 start: 303750 end: 405000
id: 5 w: 900 h: 900 start: 506250 end: 607500
id: 7 w: 900 h: 900 start: 708750 end: 810000
Czasy:
Histogram MAX: 0.003085
Median MAX: 0.018578
Sobel MAX: 0.008705
Czasy:
Histogram AVG: 0.001362
Median AVG: 0.010570
Sobel AVG: 0.007552
Czasy:
Histogram MASTER: 0.002861
Median MASTER: 0.018507
Sobel MASTER: 0.006812
900 900 4

id: 0 w: 900 h: 900 start: 0 end: 101250
id: 4 w: 900 h: 900 start: 405000 end: 506250
id: 1 w: 900 h: 900 start: 101250 end: 202500
id: 2 w: 900 h: 900 start: 202500 end: 303750
id: 6 w: 900 h: 900 start: 607500 end: 708750
id: 3 w: 900 h: 900 start: 303750 end: 405000
id: 5 w: 900 h: 900 start: 506250 end: 607500
id: 7 w: 900 h: 900 start: 708750 end: 810000
Czasy:
Histogram MAX: 0.003623
Median MAX: 0.010067
Sobel MAX: 0.039343
Czasy:
Histogram AVG: 0.001444
Median AVG: 0.008774
Sobel AVG: 0.019062
Czasy:
Histogram MASTER: 0.001159
Median MASTER: 0.010067
Sobel MASTER: 0.039343
3 3 4

id: 0 w: 3 h: 3 start: 0 end: 1
id: 4 w: 3 h: 3 start: 4 end: 5
id: 2 w: 3 h: 3 start: 2 end: 3
id: 3 w: 3 h: 3 start: 3 end: 4
id: 1 w: 3 h: 3 start: 1 end: 2
id: 6 w: 3 h: 3 start: 6 end: 7
id: 5 w: 3 h: 3 start: 5 end: 6
id: 7 w: 3 h: 3 start: 7 end: 9
Czasy:
Histogram MAX: 0.000887
Median MAX: 0.000727
Sobel MAX: 0.000052
Czasy:
Histogram AVG: 0.000498
Median AVG: 0.000139
Sobel AVG: 0.000010
Czasy:
Histogram MASTER: 0.000887
Median MASTER: 0.000727
Sobel MASTER: 0.000052
3 3 4

id: 0 w: 3 h: 3 start: 0 end: 1
id: 1 w: 3 h: 3 start: 1 end: 2
id: 2 w: 3 h: 3 start: 2 end: 3
id: 4 w: 3 h: 3 start: 4 end: 5
id: 6 w: 3 h: 3 start: 6 end: 7
id: 3 w: 3 h: 3 start: 3 end: 4
id: 5 w: 3 h: 3 start: 5 end: 6
id: 7 w: 3 h: 3 start: 7 end: 9
Czasy:
Histogram MAX: 0.000896
Median MAX: 0.000782
Sobel MAX: 0.000013
Czasy:
Histogram AVG: 0.000501
Median AVG: 0.000164
Sobel AVG: 0.000006
Czasy:
Histogram MASTER: 0.000896
Median MASTER: 0.000782
Sobel MASTER: 0.000013
3 3 4

id: 0 w: 3 h: 3 start: 0 end: 1
id: 2 w: 3 h: 3 start: 2 end: 3
id: 1 w: 3 h: 3 start: 1 end: 2
id: 4 w: 3 h: 3 start: 4 end: 5
id: 3 w: 3 h: 3 start: 3 end: 4
id: 6 w: 3 h: 3 start: 6 end: 7
id: 5 w: 3 h: 3 start: 5 end: 6
id: 7 w: 3 h: 3 start: 7 end: 9
Czasy:
Histogram MAX: 0.000964
Median MAX: 0.000735
Sobel MAX: 0.000011
Czasy:
Histogram AVG: 0.000501
Median AVG: 0.000160
Sobel AVG: 0.000006
Czasy:
Histogram MASTER: 0.000964
Median MASTER: 0.000735
Sobel MASTER: 0.000011
3 3 4

id: 0 w: 3 h: 3 start: 0 end: 1
id: 4 w: 3 h: 3 start: 4 end: 5
id: 1 w: 3 h: 3 start: 1 end: 2
id: 2 w: 3 h: 3 start: 2 end: 3
id: 6 w: 3 h: 3 start: 6 end: 7
id: 5 w: 3 h: 3 start: 5 end: 6
id: 3 w: 3 h: 3 start: 3 end: 4
id: 7 w: 3 h: 3 start: 7 end: 9
Czasy:
Histogram MAX: 0.000961
Median MAX: 0.000972
Sobel MAX: 0.000182
Czasy:
Histogram AVG: 0.000509
Median AVG: 0.000190
Sobel AVG: 0.000027
Czasy:
Histogram MASTER: 0.000961
Median MASTER: 0.000972
Sobel MASTER: 0.000182
3 3 4

id: 0 w: 3 h: 3 start: 0 end: 1
id: 2 w: 3 h: 3 start: 2 end: 3
id: 1 w: 3 h: 3 start: 1 end: 2
id: 4 w: 3 h: 3 start: 4 end: 5
id: 3 w: 3 h: 3 start: 3 end: 4
id: 5 w: 3 h: 3 start: 5 end: 6
id: 6 w: 3 h: 3 start: 6 end: 7
id: 7 w: 3 h: 3 start: 7 end: 9
Czasy:
Histogram MAX: 0.000824
Median MAX: 0.000482
Sobel MAX: 0.000006
Czasy:
Histogram AVG: 0.000452
Median AVG: 0.000109
Sobel AVG: 0.000004
Czasy:
Histogram MASTER: 0.000824
Median MASTER: 0.000482
Sobel MASTER: 0.000006
1000 1000 4

id: 0 w: 1000 h: 1000 start: 0 end: 125000
id: 4 w: 1000 h: 1000 start: 500000 end: 625000
id: 2 w: 1000 h: 1000 start: 250000 end: 375000
id: 1 w: 1000 h: 1000 start: 125000 end: 250000
id: 6 w: 1000 h: 1000 start: 750000 end: 875000
id: 5 w: 1000 h: 1000 start: 625000 end: 750000
id: 3 w: 1000 h: 1000 start: 375000 end: 500000
id: 7 w: 1000 h: 1000 start: 875000 end: 1000000
Czasy:
Histogram MAX: 0.004287
Median MAX: 0.023719
Sobel MAX: 0.037961
Czasy:
Histogram AVG: 0.001488
Median AVG: 0.014086
Sobel AVG: 0.017267
Czasy:
Histogram MASTER: 0.003715
Median MASTER: 0.023621
Sobel MASTER: 0.024403
1000 1000 4

id: 0 w: 1000 h: 1000 start: 0 end: 125000
id: 4 w: 1000 h: 1000 start: 500000 end: 625000
id: 2 w: 1000 h: 1000 start: 250000 end: 375000
id: 1 w: 1000 h: 1000 start: 125000 end: 250000
id: 6 w: 1000 h: 1000 start: 750000 end: 875000
id: 3 w: 1000 h: 1000 start: 375000 end: 500000
id: 5 w: 1000 h: 1000 start: 625000 end: 750000
id: 7 w: 1000 h: 1000 start: 875000 end: 1000000
Czasy:
Histogram MAX: 0.003814
Median MAX: 0.013188
Sobel MAX: 0.029848
Czasy:
Histogram AVG: 0.001282
Median AVG: 0.011599
Sobel AVG: 0.016121
Czasy:
Histogram MASTER: 0.001967
Median MASTER: 0.013145
Sobel MASTER: 0.029010
1000 1000 4

id: 0 w: 1000 h: 1000 start: 0 end: 125000
id: 4 w: 1000 h: 1000 start: 500000 end: 625000
id: 2 w: 1000 h: 1000 start: 250000 end: 375000
id: 1 w: 1000 h: 1000 start: 125000 end: 250000
id: 6 w: 1000 h: 1000 start: 750000 end: 875000
id: 3 w: 1000 h: 1000 start: 375000 end: 500000
id: 5 w: 1000 h: 1000 start: 625000 end: 750000
id: 7 w: 1000 h: 1000 start: 875000 end: 1000000
Czasy:
Histogram MAX: 0.002465
Median MAX: 0.023758
Sobel MAX: 0.011007
Czasy:
Histogram AVG: 0.001108
Median AVG: 0.014974
Sobel AVG: 0.009575
Czasy:
Histogram MASTER: 0.002003
Median MASTER: 0.023487
Sobel MASTER: 0.008832
1000 1000 4

id: 0 w: 1000 h: 1000 start: 0 end: 125000
id: 4 w: 1000 h: 1000 start: 500000 end: 625000
id: 1 w: 1000 h: 1000 start: 125000 end: 250000
id: 2 w: 1000 h: 1000 start: 250000 end: 375000
id: 5 w: 1000 h: 1000 start: 625000 end: 750000
id: 6 w: 1000 h: 1000 start: 750000 end: 875000
id: 3 w: 1000 h: 1000 start: 375000 end: 500000
id: 7 w: 1000 h: 1000 start: 875000 end: 1000000
Czasy:
Histogram MAX: 0.003779
Median MAX: 0.024591
Sobel MAX: 0.011458
Czasy:
Histogram AVG: 0.001261
Median AVG: 0.014371
Sobel AVG: 0.010069
Czasy:
Histogram MASTER: 0.002466
Median MASTER: 0.024532
Sobel MASTER: 0.008566
1000 1000 4

id: 0 w: 1000 h: 1000 start: 0 end: 125000
id: 4 w: 1000 h: 1000 start: 500000 end: 625000
id: 1 w: 1000 h: 1000 start: 125000 end: 250000
id: 2 w: 1000 h: 1000 start: 250000 end: 375000
id: 6 w: 1000 h: 1000 start: 750000 end: 875000
id: 5 w: 1000 h: 1000 start: 625000 end: 750000
id: 3 w: 1000 h: 1000 start: 375000 end: 500000
id: 7 w: 1000 h: 1000 start: 875000 end: 1000000
Czasy:
Histogram MAX: 0.002569
Median MAX: 0.215656
Sobel MAX: 0.010622
Czasy:
Histogram AVG: 0.001058
Median AVG: 0.063097
Sobel AVG: 0.009458
Czasy:
Histogram MASTER: 0.001677
Median MASTER: 0.215558
Sobel MASTER: 0.008430
500 500 4

id: 0 w: 500 h: 500 start: 0 end: 31250
id: 4 w: 500 h: 500 start: 125000 end: 156250
id: 2 w: 500 h: 500 start: 62500 end: 93750
id: 1 w: 500 h: 500 start: 31250 end: 62500
id: 6 w: 500 h: 500 start: 187500 end: 218750
id: 5 w: 500 h: 500 start: 156250 end: 187500
id: 3 w: 500 h: 500 start: 93750 end: 125000
id: 7 w: 500 h: 500 start: 218750 end: 250000
Czasy:
Histogram MAX: 0.001268
Median MAX: 0.004957
Sobel MAX: 0.004748
Czasy:
Histogram AVG: 0.000833
Median AVG: 0.003525
Sobel AVG: 0.004041
Czasy:
Histogram MASTER: 0.001268
Median MASTER: 0.004933
Sobel MASTER: 0.004543
500 500 4

id: 0 w: 500 h: 500 start: 0 end: 31250
id: 4 w: 500 h: 500 start: 125000 end: 156250
id: 2 w: 500 h: 500 start: 62500 end: 93750
id: 1 w: 500 h: 500 start: 31250 end: 62500
id: 6 w: 500 h: 500 start: 187500 end: 218750
id: 3 w: 500 h: 500 start: 93750 end: 125000
id: 5 w: 500 h: 500 start: 156250 end: 187500
id: 7 w: 500 h: 500 start: 218750 end: 250000
Czasy:
Histogram MAX: 0.001634
Median MAX: 0.003508
Sobel MAX: 0.003760
Czasy:
Histogram AVG: 0.000922
Median AVG: 0.002885
Sobel AVG: 0.003499
Czasy:
Histogram MASTER: 0.001634
Median MASTER: 0.003319
Sobel MASTER: 0.003622
500 500 4

id: 0 w: 500 h: 500 start: 0 end: 31250
id: 2 w: 500 h: 500 start: 62500 end: 93750
id: 4 w: 500 h: 500 start: 125000 end: 156250
id: 1 w: 500 h: 500 start: 31250 end: 62500
id: 3 w: 500 h: 500 start: 93750 end: 125000
id: 6 w: 500 h: 500 start: 187500 end: 218750
id: 5 w: 500 h: 500 start: 156250 end: 187500
id: 7 w: 500 h: 500 start: 218750 end: 250000
Czasy:
Histogram MAX: 0.001357
Median MAX: 0.004826
Sobel MAX: 0.004803
Czasy:
Histogram AVG: 0.000688
Median AVG: 0.003636
Sobel AVG: 0.004082
Czasy:
Histogram MASTER: 0.001357
Median MASTER: 0.004659
Sobel MASTER: 0.004790
500 500 4

id: 0 w: 500 h: 500 start: 0 end: 31250
id: 4 w: 500 h: 500 start: 125000 end: 156250
id: 2 w: 500 h: 500 start: 62500 end: 93750
id: 1 w: 500 h: 500 start: 31250 end: 62500
id: 6 w: 500 h: 500 start: 187500 end: 218750
id: 3 w: 500 h: 500 start: 93750 end: 125000
id: 5 w: 500 h: 500 start: 156250 end: 187500
id: 7 w: 500 h: 500 start: 218750 end: 250000
Czasy:
Histogram MAX: 0.001700
Median MAX: 0.003495
Sobel MAX: 0.003842
Czasy:
Histogram AVG: 0.001038
Median AVG: 0.002925
Sobel AVG: 0.003326
Czasy:
Histogram MASTER: 0.001700
Median MASTER: 0.003341
Sobel MASTER: 0.003586
500 500 4

id: 0 w: 500 h: 500 start: 0 end: 31250
id: 4 w: 500 h: 500 start: 125000 end: 156250
id: 1 w: 500 h: 500 start: 31250 end: 62500
id: 2 w: 500 h: 500 start: 62500 end: 93750
id: 6 w: 500 h: 500 start: 187500 end: 218750
id: 5 w: 500 h: 500 start: 156250 end: 187500
id: 3 w: 500 h: 500 start: 93750 end: 125000
id: 7 w: 500 h: 500 start: 218750 end: 250000
Czasy:
Histogram MAX: 0.001533
Median MAX: 0.004547
Sobel MAX: 0.004738
Czasy:
Histogram AVG: 0.000893
Median AVG: 0.003809
Sobel AVG: 0.004113
Czasy:
Histogram MASTER: 0.001533
Median MASTER: 0.004442
Sobel MASTER: 0.004470
10000 10000 4

id: 0 w: 10000 h: 10000 start: 0 end: 12500000
id: 6 w: 10000 h: 10000 start: 75000000 end: 87500000
id: 5 w: 10000 h: 10000 start: 62500000 end: 75000000
id: 1 w: 10000 h: 10000 start: 12500000 end: 25000000
id: 2 w: 10000 h: 10000 start: 25000000 end: 37500000
id: 3 w: 10000 h: 10000 start: 37500000 end: 50000000
id: 4 w: 10000 h: 10000 start: 50000000 end: 62500000
id: 7 w: 10000 h: 10000 start: 87500000 end: 100000000
Czasy:
Histogram MAX: 0.026378
Median MAX: 1.713511
Sobel MAX: 2.042577
Czasy:
Histogram AVG: 0.021049
Median AVG: 1.212058
Sobel AVG: 1.521227
Czasy:
Histogram MASTER: 0.026378
Median MASTER: 1.713511
Sobel MASTER: 1.267791
10000 10000 4

id: 0 w: 10000 h: 10000 start: 0 end: 12500000
id: 2 w: 10000 h: 10000 start: 25000000 end: 37500000
id: 4 w: 10000 h: 10000 start: 50000000 end: 62500000
id: 1 w: 10000 h: 10000 start: 12500000 end: 25000000
id: 5 w: 10000 h: 10000 start: 62500000 end: 75000000
id: 6 w: 10000 h: 10000 start: 75000000 end: 87500000
id: 3 w: 10000 h: 10000 start: 37500000 end: 50000000
id: 7 w: 10000 h: 10000 start: 87500000 end: 100000000
Czasy:
Histogram MAX: 0.024995
Median MAX: 1.714141
Sobel MAX: 2.078924
Czasy:
Histogram AVG: 0.020355
Median AVG: 1.232707
Sobel AVG: 1.777900
Czasy:
Histogram MASTER: 0.024995
Median MASTER: 1.714033
Sobel MASTER: 1.502564
10000 10000 4

id: 0 w: 10000 h: 10000 start: 0 end: 12500000
id: 1 w: 10000 h: 10000 start: 12500000 end: 25000000
id: 4 w: 10000 h: 10000 start: 50000000 end: 62500000
id: 2 w: 10000 h: 10000 start: 25000000 end: 37500000
id: 5 w: 10000 h: 10000 start: 62500000 end: 75000000
id: 3 w: 10000 h: 10000 start: 37500000 end: 50000000
id: 6 w: 10000 h: 10000 start: 75000000 end: 87500000
id: 7 w: 10000 h: 10000 start: 87500000 end: 100000000
Czasy:
Histogram MAX: 0.023948
Median MAX: 1.674253
Sobel MAX: 1.832057
Czasy:
Histogram AVG: 0.020398
Median AVG: 1.194928
Sobel AVG: 1.493410
Czasy:
Histogram MASTER: 0.023882
Median MASTER: 1.674253
Sobel MASTER: 1.296419
10000 10000 4

id: 0 w: 10000 h: 10000 start: 0 end: 12500000
id: 4 w: 10000 h: 10000 start: 50000000 end: 62500000
id: 2 w: 10000 h: 10000 start: 25000000 end: 37500000
id: 1 w: 10000 h: 10000 start: 12500000 end: 25000000
id: 3 w: 10000 h: 10000 start: 37500000 end: 50000000
id: 6 w: 10000 h: 10000 start: 75000000 end: 87500000
id: 5 w: 10000 h: 10000 start: 62500000 end: 75000000
id: 7 w: 10000 h: 10000 start: 87500000 end: 100000000
Czasy:
Histogram MAX: 0.023026
Median MAX: 1.292992
Sobel MAX: 1.496233
Czasy:
Histogram AVG: 0.020005
Median AVG: 1.223084
Sobel AVG: 1.335135
Czasy:
Histogram MASTER: 0.023026
Median MASTER: 1.292651
Sobel MASTER: 1.435289
10000 10000 4

id: 0 w: 10000 h: 10000 start: 0 end: 12500000
id: 4 w: 10000 h: 10000 start: 50000000 end: 62500000
id: 2 w: 10000 h: 10000 start: 25000000 end: 37500000
id: 1 w: 10000 h: 10000 start: 12500000 end: 25000000
id: 5 w: 10000 h: 10000 start: 62500000 end: 75000000
id: 6 w: 10000 h: 10000 start: 75000000 end: 87500000
id: 3 w: 10000 h: 10000 start: 37500000 end: 50000000
id: 7 w: 10000 h: 10000 start: 87500000 end: 100000000
Czasy:
Histogram MAX: 0.023676
Median MAX: 1.292256
Sobel MAX: 1.636116
Czasy:
Histogram AVG: 0.020527
Median AVG: 1.189683
Sobel AVG: 1.467299
Czasy:
Histogram MASTER: 0.023676
Median MASTER: 1.292004
Sobel MASTER: 1.536187
640 480 4

id: 0 w: 640 h: 480 start: 0 end: 38400
id: 1 w: 640 h: 480 start: 38400 end: 76800
id: 2 w: 640 h: 480 start: 76800 end: 115200
id: 3 w: 640 h: 480 start: 115200 end: 153600
id: 4 w: 640 h: 480 start: 153600 end: 192000
id: 5 w: 640 h: 480 start: 192000 end: 230400
id: 6 w: 640 h: 480 start: 230400 end: 268800
id: 7 w: 640 h: 480 start: 268800 end: 307200
Czasy:
Histogram MAX: 0.001555
Median MAX: 0.011328
Sobel MAX: 0.004573
Czasy:
Histogram AVG: 0.000925
Median AVG: 0.008000
Sobel AVG: 0.003709
Czasy:
Histogram MASTER: 0.001555
Median MASTER: 0.011007
Sobel MASTER: 0.004573
640 480 4

id: 0 w: 640 h: 480 start: 0 end: 38400
id: 4 w: 640 h: 480 start: 153600 end: 192000
id: 2 w: 640 h: 480 start: 76800 end: 115200
id: 6 w: 640 h: 480 start: 230400 end: 268800
id: 5 w: 640 h: 480 start: 192000 end: 230400
id: 1 w: 640 h: 480 start: 38400 end: 76800
id: 3 w: 640 h: 480 start: 115200 end: 153600
id: 7 w: 640 h: 480 start: 268800 end: 307200
Czasy:
Histogram MAX: 0.002043
Median MAX: 0.008135
Sobel MAX: 0.016819
Czasy:
Histogram AVG: 0.000928
Median AVG: 0.006429
Sobel AVG: 0.008697
Czasy:
Histogram MASTER: 0.002043
Median MASTER: 0.007885
Sobel MASTER: 0.014600
640 480 4

id: 0 w: 640 h: 480 start: 0 end: 38400
id: 4 w: 640 h: 480 start: 153600 end: 192000
id: 2 w: 640 h: 480 start: 76800 end: 115200
id: 1 w: 640 h: 480 start: 38400 end: 76800
id: 3 w: 640 h: 480 start: 115200 end: 153600
id: 6 w: 640 h: 480 start: 230400 end: 268800
id: 7 w: 640 h: 480 start: 268800 end: 307200
id: 5 w: 640 h: 480 start: 192000 end: 230400
Czasy:
Histogram MAX: 0.001983
Median MAX: 0.009291
Sobel MAX: 0.005235
Czasy:
Histogram AVG: 0.001134
Median AVG: 0.006689
Sobel AVG: 0.003659
Czasy:
Histogram MASTER: 0.001942
Median MASTER: 0.009291
Sobel MASTER: 0.003855
640 480 4

id: 0 w: 640 h: 480 start: 0 end: 38400
id: 2 w: 640 h: 480 start: 76800 end: 115200
id: 1 w: 640 h: 480 start: 38400 end: 76800
id: 4 w: 640 h: 480 start: 153600 end: 192000
id: 6 w: 640 h: 480 start: 230400 end: 268800
id: 3 w: 640 h: 480 start: 115200 end: 153600
id: 5 w: 640 h: 480 start: 192000 end: 230400
id: 7 w: 640 h: 480 start: 268800 end: 307200
Czasy:
Histogram MAX: 0.001002
Median MAX: 0.006863
Sobel MAX: 0.004203
Czasy:
Histogram AVG: 0.000710
Median AVG: 0.006075
Sobel AVG: 0.003545
Czasy:
Histogram MASTER: 0.001002
Median MASTER: 0.006863
Sobel MASTER: 0.003237
640 480 4

id: 0 w: 640 h: 480 start: 0 end: 38400
id: 4 w: 640 h: 480 start: 153600 end: 192000
id: 1 w: 640 h: 480 start: 38400 end: 76800
id: 2 w: 640 h: 480 start: 76800 end: 115200
id: 5 w: 640 h: 480 start: 192000 end: 230400
id: 6 w: 640 h: 480 start: 230400 end: 268800
id: 7 w: 640 h: 480 start: 268800 end: 307200
id: 3 w: 640 h: 480 start: 115200 end: 153600
Czasy:
Histogram MAX: 0.001231
Median MAX: 0.007131
Sobel MAX: 0.004716
Czasy:
Histogram AVG: 0.000619
Median AVG: 0.006142
Sobel AVG: 0.003549
Czasy:
Histogram MASTER: 0.001231
Median MASTER: 0.006945
Sobel MASTER: 0.003389
640 480 4

id: 0 w: 640 h: 480 start: 0 end: 38400
id: 4 w: 640 h: 480 start: 153600 end: 192000
id: 2 w: 640 h: 480 start: 76800 end: 115200
id: 1 w: 640 h: 480 start: 38400 end: 76800
id: 3 w: 640 h: 480 start: 115200 end: 153600
id: 6 w: 640 h: 480 start: 230400 end: 268800
id: 5 w: 640 h: 480 start: 192000 end: 230400
id: 7 w: 640 h: 480 start: 268800 end: 307200
Czasy:
Histogram MAX: 0.001770
Median MAX: 0.231180
Sobel MAX: 0.004294
Czasy:
Histogram AVG: 0.001032
Median AVG: 0.090146
Sobel AVG: 0.003020
Czasy:
Histogram MASTER: 0.001616
Median MASTER: 0.231180
Sobel MASTER: 0.002864
640 480 4

id: 0 w: 640 h: 480 start: 0 end: 38400
id: 2 w: 640 h: 480 start: 76800 end: 115200
id: 4 w: 640 h: 480 start: 153600 end: 192000
id: 1 w: 640 h: 480 start: 38400 end: 76800
id: 3 w: 640 h: 480 start: 115200 end: 153600
id: 6 w: 640 h: 480 start: 230400 end: 268800
id: 5 w: 640 h: 480 start: 192000 end: 230400
id: 7 w: 640 h: 480 start: 268800 end: 307200
Czasy:
Histogram MAX: 0.002530
Median MAX: 0.008261
Sobel MAX: 0.005299
Czasy:
Histogram AVG: 0.001226
Median AVG: 0.006834
Sobel AVG: 0.003823
Czasy:
Histogram MASTER: 0.002530
Median MASTER: 0.008261
Sobel MASTER: 0.003454
640 480 4

id: 0 w: 640 h: 480 start: 0 end: 38400
id: 2 w: 640 h: 480 start: 76800 end: 115200
id: 1 w: 640 h: 480 start: 38400 end: 76800
id: 4 w: 640 h: 480 start: 153600 end: 192000
id: 3 w: 640 h: 480 start: 115200 end: 153600
id: 5 w: 640 h: 480 start: 192000 end: 230400
id: 6 w: 640 h: 480 start: 230400 end: 268800
id: 7 w: 640 h: 480 start: 268800 end: 307200
Czasy:
Histogram MAX: 0.001243
Median MAX: 0.006976
Sobel MAX: 0.003788
Czasy:
Histogram AVG: 0.000779
Median AVG: 0.006233
Sobel AVG: 0.003360
Czasy:
Histogram MASTER: 0.001200
Median MASTER: 0.006813
Sobel MASTER: 0.003178
640 480 4

id: 0 w: 640 h: 480 start: 0 end: 38400
id: 2 w: 640 h: 480 start: 76800 end: 115200
id: 1 w: 640 h: 480 start: 38400 end: 76800
id: 4 w: 640 h: 480 start: 153600 end: 192000
id: 6 w: 640 h: 480 start: 230400 end: 268800
id: 5 w: 640 h: 480 start: 192000 end: 230400
id: 3 w: 640 h: 480 start: 115200 end: 153600
id: 7 w: 640 h: 480 start: 268800 end: 307200
Czasy:
Histogram MAX: 0.002396
Median MAX: 0.036131
Sobel MAX: 0.002921
Czasy:
Histogram AVG: 0.001078
Median AVG: 0.019455
Sobel AVG: 0.002758
Czasy:
Histogram MASTER: 0.002396
Median MASTER: 0.036045
Sobel MASTER: 0.002578
640 480 4

id: 0 w: 640 h: 480 start: 0 end: 38400
id: 4 w: 640 h: 480 start: 153600 end: 192000
id: 1 w: 640 h: 480 start: 38400 end: 76800
id: 2 w: 640 h: 480 start: 76800 end: 115200
id: 6 w: 640 h: 480 start: 230400 end: 268800
id: 5 w: 640 h: 480 start: 192000 end: 230400
id: 3 w: 640 h: 480 start: 115200 end: 153600
id: 7 w: 640 h: 480 start: 268800 end: 307200
Czasy:
Histogram MAX: 0.001216
Median MAX: 0.009221
Sobel MAX: 0.005078
Czasy:
Histogram AVG: 0.000773
Median AVG: 0.007816
Sobel AVG: 0.003982
Czasy:
Histogram MASTER: 0.001216
Median MASTER: 0.009221
Sobel MASTER: 0.003976
512 512 3

id: 0 w: 512 h: 512 start: 0 end: 32768
id: 1 w: 512 h: 512 start: 32768 end: 65536
id: 2 w: 512 h: 512 start: 65536 end: 98304
id: 4 w: 512 h: 512 start: 131072 end: 163840
id: 6 w: 512 h: 512 start: 196608 end: 229376
id: 5 w: 512 h: 512 start: 163840 end: 196608
id: 7 w: 512 h: 512 start: 229376 end: 262144
id: 3 w: 512 h: 512 start: 98304 end: 131072
Czasy:
Histogram MAX: 0.002141
Median MAX: 0.011892
Sobel MAX: 0.003981
Czasy:
Histogram AVG: 0.001025
Median AVG: 0.007658
Sobel AVG: 0.003079
Czasy:
Histogram MASTER: 0.001869
Median MASTER: 0.011652
Sobel MASTER: 0.003981
512 512 3

id: 0 w: 512 h: 512 start: 0 end: 32768
id: 2 w: 512 h: 512 start: 65536 end: 98304
id: 4 w: 512 h: 512 start: 131072 end: 163840
id: 1 w: 512 h: 512 start: 32768 end: 65536
id: 5 w: 512 h: 512 start: 163840 end: 196608
id: 6 w: 512 h: 512 start: 196608 end: 229376
id: 3 w: 512 h: 512 start: 98304 end: 131072
id: 7 w: 512 h: 512 start: 229376 end: 262144
Czasy:
Histogram MAX: 0.001892
Median MAX: 0.006372
Sobel MAX: 0.003776
Czasy:
Histogram AVG: 0.000989
Median AVG: 0.005667
Sobel AVG: 0.003065
Czasy:
Histogram MASTER: 0.001892
Median MASTER: 0.006281
Sobel MASTER: 0.002800
512 512 3

id: 0 w: 512 h: 512 start: 0 end: 32768
id: 2 w: 512 h: 512 start: 65536 end: 98304
id: 1 w: 512 h: 512 start: 32768 end: 65536
id: 4 w: 512 h: 512 start: 131072 end: 163840
id: 3 w: 512 h: 512 start: 98304 end: 131072
id: 6 w: 512 h: 512 start: 196608 end: 229376
id: 5 w: 512 h: 512 start: 163840 end: 196608
id: 7 w: 512 h: 512 start: 229376 end: 262144
Czasy:
Histogram MAX: 0.000899
Median MAX: 0.007905
Sobel MAX: 0.004237
Czasy:
Histogram AVG: 0.000592
Median AVG: 0.006374
Sobel AVG: 0.003446
Czasy:
Histogram MASTER: 0.000899
Median MASTER: 0.007612
Sobel MASTER: 0.003393
512 512 3

id: 0 w: 512 h: 512 start: 0 end: 32768
id: 2 w: 512 h: 512 start: 65536 end: 98304
id: 4 w: 512 h: 512 start: 131072 end: 163840
id: 1 w: 512 h: 512 start: 32768 end: 65536
id: 3 w: 512 h: 512 start: 98304 end: 131072
id: 5 w: 512 h: 512 start: 163840 end: 196608
id: 6 w: 512 h: 512 start: 196608 end: 229376
id: 7 w: 512 h: 512 start: 229376 end: 262144
Czasy:
Histogram MAX: 0.001474
Median MAX: 0.007581
Sobel MAX: 0.003861
Czasy:
Histogram AVG: 0.000811
Median AVG: 0.006604
Sobel AVG: 0.003116
Czasy:
Histogram MASTER: 0.001474
Median MASTER: 0.007581
Sobel MASTER: 0.002911
512 512 3

id: 0 w: 512 h: 512 start: 0 end: 32768
id: 2 w: 512 h: 512 start: 65536 end: 98304
id: 4 w: 512 h: 512 start: 131072 end: 163840
id: 1 w: 512 h: 512 start: 32768 end: 65536
id: 5 w: 512 h: 512 start: 163840 end: 196608
id: 3 w: 512 h: 512 start: 98304 end: 131072
id: 6 w: 512 h: 512 start: 196608 end: 229376
id: 7 w: 512 h: 512 start: 229376 end: 262144
Czasy:
Histogram MAX: 0.001619
Median MAX: 0.007475
Sobel MAX: 0.004332
Czasy:
Histogram AVG: 0.000822
Median AVG: 0.006185
Sobel AVG: 0.003450
Czasy:
Histogram MASTER: 0.001619
Median MASTER: 0.007205
Sobel MASTER: 0.003119
